(kicad_pcb (version 20171130) (host pcbnew 5.1.5+dfsg1-2build2)

  (general
    (thickness 1.6)
    (drawings 0)
    (tracks 0)
    (zones 0)
    (modules 26)
    (nets 26)
  )

  (page A4)
  (layers
    (0 F.Cu signal)
    (31 B.Cu signal)
    (32 B.Adhes user)
    (33 F.Adhes user)
    (34 B.Paste user)
    (35 F.Paste user)
    (36 B.SilkS user)
    (37 F.SilkS user)
    (38 B.Mask user)
    (39 F.Mask user)
    (40 Dwgs.User user)
    (41 Cmts.User user)
    (42 Eco1.User user)
    (43 Eco2.User user)
    (44 Edge.Cuts user)
    (45 Margin user)
    (46 B.CrtYd user)
    (47 F.CrtYd user)
    (48 B.Fab user)
    (49 F.Fab user)
  )

  (setup
    (last_trace_width 0.25)
    (trace_clearance 0.2)
    (zone_clearance 0.508)
    (zone_45_only no)
    (trace_min 0.2)
    (via_size 0.8)
    (via_drill 0.4)
    (via_min_size 0.4)
    (via_min_drill 0.3)
    (uvia_size 0.3)
    (uvia_drill 0.1)
    (uvias_allowed no)
    (uvia_min_size 0.2)
    (uvia_min_drill 0.1)
    (edge_width 0.05)
    (segment_width 0.2)
    (pcb_text_width 0.3)
    (pcb_text_size 1.5 1.5)
    (mod_edge_width 0.12)
    (mod_text_size 1 1)
    (mod_text_width 0.15)
    (pad_size 1.524 1.524)
    (pad_drill 0.762)
    (pad_to_mask_clearance 0.051)
    (solder_mask_min_width 0.25)
    (aux_axis_origin 0 0)
    (visible_elements FFFFFF7F)
    (pcbplotparams
      (layerselection 0x010fc_ffffffff)
      (usegerberextensions false)
      (usegerberattributes false)
      (usegerberadvancedattributes false)
      (creategerberjobfile false)
      (excludeedgelayer true)
      (linewidth 0.100000)
      (plotframeref false)
      (viasonmask false)
      (mode 1)
      (useauxorigin false)
      (hpglpennumber 1)
      (hpglpenspeed 20)
      (hpglpendiameter 15.000000)
      (psnegative false)
      (psa4output false)
      (plotreference true)
      (plotvalue true)
      (plotinvisibletext false)
      (padsonsilk false)
      (subtractmaskfromsilk false)
      (outputformat 1)
      (mirror false)
      (drillshape 1)
      (scaleselection 1)
      (outputdirectory ""))
  )

  (net 0 "")
  (net 1 "Net-(U1-Pad55)")
  (net 2 "Net-(U1-Pad53)")
  (net 3 "Net-(U1-Pad52)")
  (net 4 "Net-(U1-Pad51)")
  (net 5 "Net-(U1-Pad50)")
  (net 6 /DOUT9)
  (net 7 /DOUT7)
  (net 8 /DOUT8)
  (net 9 /DOUT6)
  (net 10 /DOUT5)
  (net 11 /DOUT4)
  (net 12 /DOUT3)
  (net 13 /DOU2)
  (net 14 /DOUT1)
  (net 15 +1V8)
  (net 16 GND)
  (net 17 "Net-(L2-Pad2)")
  (net 18 +5V)
  (net 19 "Net-(R2-Pad1)")
  (net 20 /CLK_PLL)
  (net 21 +3V3)
  (net 22 /VDD_PIX)
  (net 23 /VREF_BOTPLATE)
  (net 24 /VDD_PIX_3V3)
  (net 25 "Net-(R1-Pad1)")

  (net_class Default "This is the default net class."
    (clearance 0.2)
    (trace_width 0.25)
    (via_dia 0.8)
    (via_drill 0.4)
    (uvia_dia 0.3)
    (uvia_drill 0.1)
    (add_net +1V8)
    (add_net +3V3)
    (add_net +5V)
    (add_net /CLK_PLL)
    (add_net /DOU2)
    (add_net /DOUT1)
    (add_net /DOUT3)
    (add_net /DOUT4)
    (add_net /DOUT5)
    (add_net /DOUT6)
    (add_net /DOUT7)
    (add_net /DOUT8)
    (add_net /DOUT9)
    (add_net /VDD_PIX)
    (add_net /VDD_PIX_3V3)
    (add_net /VREF_BOTPLATE)
    (add_net GND)
    (add_net "Net-(L2-Pad2)")
    (add_net "Net-(R1-Pad1)")
    (add_net "Net-(R2-Pad1)")
    (add_net "Net-(U1-Pad50)")
    (add_net "Net-(U1-Pad51)")
    (add_net "Net-(U1-Pad52)")
    (add_net "Net-(U1-Pad53)")
    (add_net "Net-(U1-Pad55)")
  )

  (module 10M50SCE144:QFP50P2200X2200X165-145N (layer F.Cu) (tedit 60708FCB) (tstamp 6079DD87)
    (at 100.33 76.2)
    (path /607B5417)
    (fp_text reference U1 (at -9.295 -13.29) (layer F.SilkS)
      (effects (font (size 1 1) (thickness 0.015)))
    )
    (fp_text value 10M50SCE144C8G (at 2.77 13.29) (layer F.Fab)
      (effects (font (size 1 1) (thickness 0.015)))
    )
    (fp_line (start 11.655 11.655) (end 11.655 -11.655) (layer F.CrtYd) (width 0.05))
    (fp_line (start -11.655 11.655) (end -11.655 -11.655) (layer F.CrtYd) (width 0.05))
    (fp_line (start -11.655 -11.655) (end 11.655 -11.655) (layer F.CrtYd) (width 0.05))
    (fp_line (start -11.655 11.655) (end 11.655 11.655) (layer F.CrtYd) (width 0.05))
    (fp_line (start -10 -10) (end -10 -9.21) (layer F.SilkS) (width 0.127))
    (fp_line (start -10 10) (end -10 9.21) (layer F.SilkS) (width 0.127))
    (fp_line (start 10 -10) (end 10 -9.21) (layer F.SilkS) (width 0.127))
    (fp_line (start 10 10) (end 10 9.21) (layer F.SilkS) (width 0.127))
    (fp_line (start -10 -10) (end -9.21 -10) (layer F.SilkS) (width 0.127))
    (fp_line (start -10 10) (end -9.21 10) (layer F.SilkS) (width 0.127))
    (fp_line (start 10 -10) (end 9.21 -10) (layer F.SilkS) (width 0.127))
    (fp_line (start 10 10) (end 9.21 10) (layer F.SilkS) (width 0.127))
    (fp_line (start -10 10) (end -10 -10) (layer F.Fab) (width 0.127))
    (fp_line (start 10 10) (end 10 -10) (layer F.Fab) (width 0.127))
    (fp_line (start 10 -10) (end -10 -10) (layer F.Fab) (width 0.127))
    (fp_line (start 10 10) (end -10 10) (layer F.Fab) (width 0.127))
    (fp_circle (center -12.34 -8.75) (end -12.24 -8.75) (layer F.Fab) (width 0.2))
    (fp_circle (center -12.34 -8.75) (end -12.24 -8.75) (layer F.SilkS) (width 0.2))
    (fp_poly (pts (xy 0.5175 0.61) (xy 2.2975 0.61) (xy 2.2975 2.71) (xy 0.5175 2.71)) (layer F.Paste) (width 0.01))
    (fp_poly (pts (xy -2.2925 0.61) (xy -0.5125 0.61) (xy -0.5125 2.71) (xy -2.2925 2.71)) (layer F.Paste) (width 0.01))
    (fp_poly (pts (xy 0.5175 -2.7) (xy 2.2975 -2.7) (xy 2.2975 -0.6) (xy 0.5175 -0.6)) (layer F.Paste) (width 0.01))
    (fp_poly (pts (xy -2.2925 -2.7) (xy -0.5125 -2.7) (xy -0.5125 -0.6) (xy -2.2925 -0.6)) (layer F.Paste) (width 0.01))
    (pad 145 smd rect (at 0 0) (size 5.62 6.61) (layers F.Cu F.Mask))
    (pad 108 smd rect (at 10.67 -8.75) (size 1.47 0.28) (layers F.Cu F.Paste F.Mask))
    (pad 107 smd rect (at 10.67 -8.25) (size 1.47 0.28) (layers F.Cu F.Paste F.Mask))
    (pad 106 smd rect (at 10.67 -7.75) (size 1.47 0.28) (layers F.Cu F.Paste F.Mask))
    (pad 105 smd rect (at 10.67 -7.25) (size 1.47 0.28) (layers F.Cu F.Paste F.Mask))
    (pad 104 smd rect (at 10.67 -6.75) (size 1.47 0.28) (layers F.Cu F.Paste F.Mask))
    (pad 103 smd rect (at 10.67 -6.25) (size 1.47 0.28) (layers F.Cu F.Paste F.Mask))
    (pad 102 smd rect (at 10.67 -5.75) (size 1.47 0.28) (layers F.Cu F.Paste F.Mask))
    (pad 101 smd rect (at 10.67 -5.25) (size 1.47 0.28) (layers F.Cu F.Paste F.Mask))
    (pad 100 smd rect (at 10.67 -4.75) (size 1.47 0.28) (layers F.Cu F.Paste F.Mask))
    (pad 99 smd rect (at 10.67 -4.25) (size 1.47 0.28) (layers F.Cu F.Paste F.Mask))
    (pad 98 smd rect (at 10.67 -3.75) (size 1.47 0.28) (layers F.Cu F.Paste F.Mask))
    (pad 97 smd rect (at 10.67 -3.25) (size 1.47 0.28) (layers F.Cu F.Paste F.Mask))
    (pad 96 smd rect (at 10.67 -2.75) (size 1.47 0.28) (layers F.Cu F.Paste F.Mask))
    (pad 95 smd rect (at 10.67 -2.25) (size 1.47 0.28) (layers F.Cu F.Paste F.Mask))
    (pad 94 smd rect (at 10.67 -1.75) (size 1.47 0.28) (layers F.Cu F.Paste F.Mask))
    (pad 93 smd rect (at 10.67 -1.25) (size 1.47 0.28) (layers F.Cu F.Paste F.Mask))
    (pad 92 smd rect (at 10.67 -0.75) (size 1.47 0.28) (layers F.Cu F.Paste F.Mask))
    (pad 91 smd rect (at 10.67 -0.25) (size 1.47 0.28) (layers F.Cu F.Paste F.Mask))
    (pad 90 smd rect (at 10.67 0.25) (size 1.47 0.28) (layers F.Cu F.Paste F.Mask))
    (pad 89 smd rect (at 10.67 0.75) (size 1.47 0.28) (layers F.Cu F.Paste F.Mask))
    (pad 88 smd rect (at 10.67 1.25) (size 1.47 0.28) (layers F.Cu F.Paste F.Mask))
    (pad 87 smd rect (at 10.67 1.75) (size 1.47 0.28) (layers F.Cu F.Paste F.Mask))
    (pad 86 smd rect (at 10.67 2.25) (size 1.47 0.28) (layers F.Cu F.Paste F.Mask))
    (pad 85 smd rect (at 10.67 2.75) (size 1.47 0.28) (layers F.Cu F.Paste F.Mask))
    (pad 84 smd rect (at 10.67 3.25) (size 1.47 0.28) (layers F.Cu F.Paste F.Mask))
    (pad 83 smd rect (at 10.67 3.75) (size 1.47 0.28) (layers F.Cu F.Paste F.Mask))
    (pad 82 smd rect (at 10.67 4.25) (size 1.47 0.28) (layers F.Cu F.Paste F.Mask))
    (pad 81 smd rect (at 10.67 4.75) (size 1.47 0.28) (layers F.Cu F.Paste F.Mask))
    (pad 80 smd rect (at 10.67 5.25) (size 1.47 0.28) (layers F.Cu F.Paste F.Mask))
    (pad 79 smd rect (at 10.67 5.75) (size 1.47 0.28) (layers F.Cu F.Paste F.Mask))
    (pad 78 smd rect (at 10.67 6.25) (size 1.47 0.28) (layers F.Cu F.Paste F.Mask))
    (pad 77 smd rect (at 10.67 6.75) (size 1.47 0.28) (layers F.Cu F.Paste F.Mask))
    (pad 76 smd rect (at 10.67 7.25) (size 1.47 0.28) (layers F.Cu F.Paste F.Mask))
    (pad 75 smd rect (at 10.67 7.75) (size 1.47 0.28) (layers F.Cu F.Paste F.Mask))
    (pad 74 smd rect (at 10.67 8.25) (size 1.47 0.28) (layers F.Cu F.Paste F.Mask))
    (pad 73 smd rect (at 10.67 8.75) (size 1.47 0.28) (layers F.Cu F.Paste F.Mask))
    (pad 36 smd rect (at -10.67 8.75) (size 1.47 0.28) (layers F.Cu F.Paste F.Mask))
    (pad 35 smd rect (at -10.67 8.25) (size 1.47 0.28) (layers F.Cu F.Paste F.Mask))
    (pad 34 smd rect (at -10.67 7.75) (size 1.47 0.28) (layers F.Cu F.Paste F.Mask))
    (pad 33 smd rect (at -10.67 7.25) (size 1.47 0.28) (layers F.Cu F.Paste F.Mask))
    (pad 32 smd rect (at -10.67 6.75) (size 1.47 0.28) (layers F.Cu F.Paste F.Mask))
    (pad 31 smd rect (at -10.67 6.25) (size 1.47 0.28) (layers F.Cu F.Paste F.Mask))
    (pad 30 smd rect (at -10.67 5.75) (size 1.47 0.28) (layers F.Cu F.Paste F.Mask))
    (pad 29 smd rect (at -10.67 5.25) (size 1.47 0.28) (layers F.Cu F.Paste F.Mask))
    (pad 28 smd rect (at -10.67 4.75) (size 1.47 0.28) (layers F.Cu F.Paste F.Mask))
    (pad 27 smd rect (at -10.67 4.25) (size 1.47 0.28) (layers F.Cu F.Paste F.Mask))
    (pad 26 smd rect (at -10.67 3.75) (size 1.47 0.28) (layers F.Cu F.Paste F.Mask))
    (pad 25 smd rect (at -10.67 3.25) (size 1.47 0.28) (layers F.Cu F.Paste F.Mask))
    (pad 24 smd rect (at -10.67 2.75) (size 1.47 0.28) (layers F.Cu F.Paste F.Mask))
    (pad 23 smd rect (at -10.67 2.25) (size 1.47 0.28) (layers F.Cu F.Paste F.Mask))
    (pad 22 smd rect (at -10.67 1.75) (size 1.47 0.28) (layers F.Cu F.Paste F.Mask))
    (pad 21 smd rect (at -10.67 1.25) (size 1.47 0.28) (layers F.Cu F.Paste F.Mask))
    (pad 20 smd rect (at -10.67 0.75) (size 1.47 0.28) (layers F.Cu F.Paste F.Mask))
    (pad 19 smd rect (at -10.67 0.25) (size 1.47 0.28) (layers F.Cu F.Paste F.Mask))
    (pad 18 smd rect (at -10.67 -0.25) (size 1.47 0.28) (layers F.Cu F.Paste F.Mask))
    (pad 17 smd rect (at -10.67 -0.75) (size 1.47 0.28) (layers F.Cu F.Paste F.Mask))
    (pad 16 smd rect (at -10.67 -1.25) (size 1.47 0.28) (layers F.Cu F.Paste F.Mask))
    (pad 15 smd rect (at -10.67 -1.75) (size 1.47 0.28) (layers F.Cu F.Paste F.Mask))
    (pad 14 smd rect (at -10.67 -2.25) (size 1.47 0.28) (layers F.Cu F.Paste F.Mask))
    (pad 13 smd rect (at -10.67 -2.75) (size 1.47 0.28) (layers F.Cu F.Paste F.Mask))
    (pad 12 smd rect (at -10.67 -3.25) (size 1.47 0.28) (layers F.Cu F.Paste F.Mask))
    (pad 11 smd rect (at -10.67 -3.75) (size 1.47 0.28) (layers F.Cu F.Paste F.Mask))
    (pad 10 smd rect (at -10.67 -4.25) (size 1.47 0.28) (layers F.Cu F.Paste F.Mask))
    (pad 9 smd rect (at -10.67 -4.75) (size 1.47 0.28) (layers F.Cu F.Paste F.Mask))
    (pad 8 smd rect (at -10.67 -5.25) (size 1.47 0.28) (layers F.Cu F.Paste F.Mask))
    (pad 7 smd rect (at -10.67 -5.75) (size 1.47 0.28) (layers F.Cu F.Paste F.Mask))
    (pad 6 smd rect (at -10.67 -6.25) (size 1.47 0.28) (layers F.Cu F.Paste F.Mask))
    (pad 5 smd rect (at -10.67 -6.75) (size 1.47 0.28) (layers F.Cu F.Paste F.Mask))
    (pad 4 smd rect (at -10.67 -7.25) (size 1.47 0.28) (layers F.Cu F.Paste F.Mask))
    (pad 3 smd rect (at -10.67 -7.75) (size 1.47 0.28) (layers F.Cu F.Paste F.Mask))
    (pad 2 smd rect (at -10.67 -8.25) (size 1.47 0.28) (layers F.Cu F.Paste F.Mask))
    (pad 1 smd rect (at -10.67 -8.75) (size 1.47 0.28) (layers F.Cu F.Paste F.Mask))
    (pad 144 smd rect (at -8.75 -10.67) (size 0.28 1.47) (layers F.Cu F.Paste F.Mask))
    (pad 143 smd rect (at -8.25 -10.67) (size 0.28 1.47) (layers F.Cu F.Paste F.Mask))
    (pad 142 smd rect (at -7.75 -10.67) (size 0.28 1.47) (layers F.Cu F.Paste F.Mask))
    (pad 141 smd rect (at -7.25 -10.67) (size 0.28 1.47) (layers F.Cu F.Paste F.Mask))
    (pad 140 smd rect (at -6.75 -10.67) (size 0.28 1.47) (layers F.Cu F.Paste F.Mask))
    (pad 139 smd rect (at -6.25 -10.67) (size 0.28 1.47) (layers F.Cu F.Paste F.Mask))
    (pad 138 smd rect (at -5.75 -10.67) (size 0.28 1.47) (layers F.Cu F.Paste F.Mask))
    (pad 137 smd rect (at -5.25 -10.67) (size 0.28 1.47) (layers F.Cu F.Paste F.Mask))
    (pad 136 smd rect (at -4.75 -10.67) (size 0.28 1.47) (layers F.Cu F.Paste F.Mask))
    (pad 135 smd rect (at -4.25 -10.67) (size 0.28 1.47) (layers F.Cu F.Paste F.Mask))
    (pad 134 smd rect (at -3.75 -10.67) (size 0.28 1.47) (layers F.Cu F.Paste F.Mask))
    (pad 133 smd rect (at -3.25 -10.67) (size 0.28 1.47) (layers F.Cu F.Paste F.Mask))
    (pad 132 smd rect (at -2.75 -10.67) (size 0.28 1.47) (layers F.Cu F.Paste F.Mask))
    (pad 131 smd rect (at -2.25 -10.67) (size 0.28 1.47) (layers F.Cu F.Paste F.Mask))
    (pad 130 smd rect (at -1.75 -10.67) (size 0.28 1.47) (layers F.Cu F.Paste F.Mask))
    (pad 129 smd rect (at -1.25 -10.67) (size 0.28 1.47) (layers F.Cu F.Paste F.Mask))
    (pad 128 smd rect (at -0.75 -10.67) (size 0.28 1.47) (layers F.Cu F.Paste F.Mask))
    (pad 127 smd rect (at -0.25 -10.67) (size 0.28 1.47) (layers F.Cu F.Paste F.Mask))
    (pad 126 smd rect (at 0.25 -10.67) (size 0.28 1.47) (layers F.Cu F.Paste F.Mask))
    (pad 125 smd rect (at 0.75 -10.67) (size 0.28 1.47) (layers F.Cu F.Paste F.Mask))
    (pad 124 smd rect (at 1.25 -10.67) (size 0.28 1.47) (layers F.Cu F.Paste F.Mask))
    (pad 123 smd rect (at 1.75 -10.67) (size 0.28 1.47) (layers F.Cu F.Paste F.Mask))
    (pad 122 smd rect (at 2.25 -10.67) (size 0.28 1.47) (layers F.Cu F.Paste F.Mask))
    (pad 121 smd rect (at 2.75 -10.67) (size 0.28 1.47) (layers F.Cu F.Paste F.Mask))
    (pad 120 smd rect (at 3.25 -10.67) (size 0.28 1.47) (layers F.Cu F.Paste F.Mask))
    (pad 119 smd rect (at 3.75 -10.67) (size 0.28 1.47) (layers F.Cu F.Paste F.Mask))
    (pad 118 smd rect (at 4.25 -10.67) (size 0.28 1.47) (layers F.Cu F.Paste F.Mask))
    (pad 117 smd rect (at 4.75 -10.67) (size 0.28 1.47) (layers F.Cu F.Paste F.Mask))
    (pad 116 smd rect (at 5.25 -10.67) (size 0.28 1.47) (layers F.Cu F.Paste F.Mask))
    (pad 115 smd rect (at 5.75 -10.67) (size 0.28 1.47) (layers F.Cu F.Paste F.Mask))
    (pad 114 smd rect (at 6.25 -10.67) (size 0.28 1.47) (layers F.Cu F.Paste F.Mask))
    (pad 113 smd rect (at 6.75 -10.67) (size 0.28 1.47) (layers F.Cu F.Paste F.Mask))
    (pad 112 smd rect (at 7.25 -10.67) (size 0.28 1.47) (layers F.Cu F.Paste F.Mask))
    (pad 111 smd rect (at 7.75 -10.67) (size 0.28 1.47) (layers F.Cu F.Paste F.Mask))
    (pad 110 smd rect (at 8.25 -10.67) (size 0.28 1.47) (layers F.Cu F.Paste F.Mask))
    (pad 109 smd rect (at 8.75 -10.67) (size 0.28 1.47) (layers F.Cu F.Paste F.Mask))
    (pad 72 smd rect (at 8.75 10.67) (size 0.28 1.47) (layers F.Cu F.Paste F.Mask))
    (pad 71 smd rect (at 8.25 10.67) (size 0.28 1.47) (layers F.Cu F.Paste F.Mask))
    (pad 70 smd rect (at 7.75 10.67) (size 0.28 1.47) (layers F.Cu F.Paste F.Mask))
    (pad 69 smd rect (at 7.25 10.67) (size 0.28 1.47) (layers F.Cu F.Paste F.Mask))
    (pad 68 smd rect (at 6.75 10.67) (size 0.28 1.47) (layers F.Cu F.Paste F.Mask))
    (pad 67 smd rect (at 6.25 10.67) (size 0.28 1.47) (layers F.Cu F.Paste F.Mask))
    (pad 66 smd rect (at 5.75 10.67) (size 0.28 1.47) (layers F.Cu F.Paste F.Mask))
    (pad 65 smd rect (at 5.25 10.67) (size 0.28 1.47) (layers F.Cu F.Paste F.Mask))
    (pad 64 smd rect (at 4.75 10.67) (size 0.28 1.47) (layers F.Cu F.Paste F.Mask))
    (pad 63 smd rect (at 4.25 10.67) (size 0.28 1.47) (layers F.Cu F.Paste F.Mask))
    (pad 62 smd rect (at 3.75 10.67) (size 0.28 1.47) (layers F.Cu F.Paste F.Mask))
    (pad 61 smd rect (at 3.25 10.67) (size 0.28 1.47) (layers F.Cu F.Paste F.Mask))
    (pad 60 smd rect (at 2.75 10.67) (size 0.28 1.47) (layers F.Cu F.Paste F.Mask))
    (pad 59 smd rect (at 2.25 10.67) (size 0.28 1.47) (layers F.Cu F.Paste F.Mask))
    (pad 58 smd rect (at 1.75 10.67) (size 0.28 1.47) (layers F.Cu F.Paste F.Mask))
    (pad 57 smd rect (at 1.25 10.67) (size 0.28 1.47) (layers F.Cu F.Paste F.Mask))
    (pad 56 smd rect (at 0.75 10.67) (size 0.28 1.47) (layers F.Cu F.Paste F.Mask))
    (pad 55 smd rect (at 0.25 10.67) (size 0.28 1.47) (layers F.Cu F.Paste F.Mask)
      (net 1 "Net-(U1-Pad55)"))
    (pad 54 smd rect (at -0.25 10.67) (size 0.28 1.47) (layers F.Cu F.Paste F.Mask))
    (pad 53 smd rect (at -0.75 10.67) (size 0.28 1.47) (layers F.Cu F.Paste F.Mask)
      (net 2 "Net-(U1-Pad53)"))
    (pad 52 smd rect (at -1.25 10.67) (size 0.28 1.47) (layers F.Cu F.Paste F.Mask)
      (net 3 "Net-(U1-Pad52)"))
    (pad 51 smd rect (at -1.75 10.67) (size 0.28 1.47) (layers F.Cu F.Paste F.Mask)
      (net 4 "Net-(U1-Pad51)"))
    (pad 50 smd rect (at -2.25 10.67) (size 0.28 1.47) (layers F.Cu F.Paste F.Mask)
      (net 5 "Net-(U1-Pad50)"))
    (pad 49 smd rect (at -2.75 10.67) (size 0.28 1.47) (layers F.Cu F.Paste F.Mask)
      (net 6 /DOUT9))
    (pad 48 smd rect (at -3.25 10.67) (size 0.28 1.47) (layers F.Cu F.Paste F.Mask))
    (pad 47 smd rect (at -3.75 10.67) (size 0.28 1.47) (layers F.Cu F.Paste F.Mask))
    (pad 46 smd rect (at -4.25 10.67) (size 0.28 1.47) (layers F.Cu F.Paste F.Mask)
      (net 7 /DOUT7))
    (pad 45 smd rect (at -4.75 10.67) (size 0.28 1.47) (layers F.Cu F.Paste F.Mask))
    (pad 44 smd rect (at -5.25 10.67) (size 0.28 1.47) (layers F.Cu F.Paste F.Mask)
      (net 8 /DOUT8))
    (pad 43 smd rect (at -5.75 10.67) (size 0.28 1.47) (layers F.Cu F.Paste F.Mask)
      (net 9 /DOUT6))
    (pad 42 smd rect (at -6.25 10.67) (size 0.28 1.47) (layers F.Cu F.Paste F.Mask)
      (net 10 /DOUT5))
    (pad 41 smd rect (at -6.75 10.67) (size 0.28 1.47) (layers F.Cu F.Paste F.Mask)
      (net 11 /DOUT4))
    (pad 40 smd rect (at -7.25 10.67) (size 0.28 1.47) (layers F.Cu F.Paste F.Mask)
      (net 12 /DOUT3))
    (pad 39 smd rect (at -7.75 10.67) (size 0.28 1.47) (layers F.Cu F.Paste F.Mask)
      (net 13 /DOU2))
    (pad 38 smd rect (at -8.25 10.67) (size 0.28 1.47) (layers F.Cu F.Paste F.Mask)
      (net 14 /DOUT1))
    (pad 37 smd rect (at -8.75 10.67) (size 0.28 1.47) (layers F.Cu F.Paste F.Mask))
  )

  (module Capacitor_SMD:C_0603_1608Metric_Pad1.05x0.95mm_HandSolder (layer F.Cu) (tedit 5B301BBE) (tstamp 607A3AC1)
    (at 74.915001 40.095001)
    (descr "Capacitor SMD 0603 (1608 Metric), square (rectangular) end terminal, IPC_7351 nominal with elongated pad for handsoldering. (Body size source: http://www.tortai-tech.com/upload/download/2011102023233369053.pdf), generated with kicad-footprint-generator")
    (tags "capacitor handsolder")
    (path /604EB512)
    (attr smd)
    (fp_text reference C1 (at 0 -1.43) (layer F.SilkS)
      (effects (font (size 1 1) (thickness 0.15)))
    )
    (fp_text value GRM033R61A104ME15D (at 0 1.43) (layer F.Fab)
      (effects (font (size 1 1) (thickness 0.15)))
    )
    (fp_text user %R (at 0 0) (layer F.Fab)
      (effects (font (size 0.4 0.4) (thickness 0.06)))
    )
    (fp_line (start 1.65 0.73) (end -1.65 0.73) (layer F.CrtYd) (width 0.05))
    (fp_line (start 1.65 -0.73) (end 1.65 0.73) (layer F.CrtYd) (width 0.05))
    (fp_line (start -1.65 -0.73) (end 1.65 -0.73) (layer F.CrtYd) (width 0.05))
    (fp_line (start -1.65 0.73) (end -1.65 -0.73) (layer F.CrtYd) (width 0.05))
    (fp_line (start -0.171267 0.51) (end 0.171267 0.51) (layer F.SilkS) (width 0.12))
    (fp_line (start -0.171267 -0.51) (end 0.171267 -0.51) (layer F.SilkS) (width 0.12))
    (fp_line (start 0.8 0.4) (end -0.8 0.4) (layer F.Fab) (width 0.1))
    (fp_line (start 0.8 -0.4) (end 0.8 0.4) (layer F.Fab) (width 0.1))
    (fp_line (start -0.8 -0.4) (end 0.8 -0.4) (layer F.Fab) (width 0.1))
    (fp_line (start -0.8 0.4) (end -0.8 -0.4) (layer F.Fab) (width 0.1))
    (pad 2 smd roundrect (at 0.875 0) (size 1.05 0.95) (layers F.Cu F.Paste F.Mask) (roundrect_rratio 0.25)
      (net 16 GND))
    (pad 1 smd roundrect (at -0.875 0) (size 1.05 0.95) (layers F.Cu F.Paste F.Mask) (roundrect_rratio 0.25)
      (net 21 +3V3))
    (model ${KISYS3DMOD}/Capacitor_SMD.3dshapes/C_0603_1608Metric.wrl
      (at (xyz 0 0 0))
      (scale (xyz 1 1 1))
      (rotate (xyz 0 0 0))
    )
  )

  (module Capacitor_SMD:C_0603_1608Metric_Pad1.05x0.95mm_HandSolder (layer F.Cu) (tedit 5B301BBE) (tstamp 607A3AD2)
    (at 63.5 33.02)
    (descr "Capacitor SMD 0603 (1608 Metric), square (rectangular) end terminal, IPC_7351 nominal with elongated pad for handsoldering. (Body size source: http://www.tortai-tech.com/upload/download/2011102023233369053.pdf), generated with kicad-footprint-generator")
    (tags "capacitor handsolder")
    (path /604EBB1C)
    (attr smd)
    (fp_text reference C2 (at 0 -1.43) (layer F.SilkS)
      (effects (font (size 1 1) (thickness 0.15)))
    )
    (fp_text value GRM033R61A104ME15D (at 0 1.43) (layer F.Fab)
      (effects (font (size 1 1) (thickness 0.15)))
    )
    (fp_line (start -0.8 0.4) (end -0.8 -0.4) (layer F.Fab) (width 0.1))
    (fp_line (start -0.8 -0.4) (end 0.8 -0.4) (layer F.Fab) (width 0.1))
    (fp_line (start 0.8 -0.4) (end 0.8 0.4) (layer F.Fab) (width 0.1))
    (fp_line (start 0.8 0.4) (end -0.8 0.4) (layer F.Fab) (width 0.1))
    (fp_line (start -0.171267 -0.51) (end 0.171267 -0.51) (layer F.SilkS) (width 0.12))
    (fp_line (start -0.171267 0.51) (end 0.171267 0.51) (layer F.SilkS) (width 0.12))
    (fp_line (start -1.65 0.73) (end -1.65 -0.73) (layer F.CrtYd) (width 0.05))
    (fp_line (start -1.65 -0.73) (end 1.65 -0.73) (layer F.CrtYd) (width 0.05))
    (fp_line (start 1.65 -0.73) (end 1.65 0.73) (layer F.CrtYd) (width 0.05))
    (fp_line (start 1.65 0.73) (end -1.65 0.73) (layer F.CrtYd) (width 0.05))
    (fp_text user %R (at 0 0) (layer F.Fab)
      (effects (font (size 0.4 0.4) (thickness 0.06)))
    )
    (pad 1 smd roundrect (at -0.875 0) (size 1.05 0.95) (layers F.Cu F.Paste F.Mask) (roundrect_rratio 0.25)
      (net 21 +3V3))
    (pad 2 smd roundrect (at 0.875 0) (size 1.05 0.95) (layers F.Cu F.Paste F.Mask) (roundrect_rratio 0.25)
      (net 16 GND))
    (model ${KISYS3DMOD}/Capacitor_SMD.3dshapes/C_0603_1608Metric.wrl
      (at (xyz 0 0 0))
      (scale (xyz 1 1 1))
      (rotate (xyz 0 0 0))
    )
  )

  (module Capacitor_SMD:C_0603_1608Metric_Pad1.05x0.95mm_HandSolder (layer F.Cu) (tedit 5B301BBE) (tstamp 607A3AE3)
    (at 66.215001 40.095001)
    (descr "Capacitor SMD 0603 (1608 Metric), square (rectangular) end terminal, IPC_7351 nominal with elongated pad for handsoldering. (Body size source: http://www.tortai-tech.com/upload/download/2011102023233369053.pdf), generated with kicad-footprint-generator")
    (tags "capacitor handsolder")
    (path /604EC155)
    (attr smd)
    (fp_text reference C3 (at 0 -1.43) (layer F.SilkS)
      (effects (font (size 1 1) (thickness 0.15)))
    )
    (fp_text value GRM033R61A104ME15D (at 0 1.43) (layer F.Fab)
      (effects (font (size 1 1) (thickness 0.15)))
    )
    (fp_text user %R (at 0 0) (layer F.Fab)
      (effects (font (size 0.4 0.4) (thickness 0.06)))
    )
    (fp_line (start 1.65 0.73) (end -1.65 0.73) (layer F.CrtYd) (width 0.05))
    (fp_line (start 1.65 -0.73) (end 1.65 0.73) (layer F.CrtYd) (width 0.05))
    (fp_line (start -1.65 -0.73) (end 1.65 -0.73) (layer F.CrtYd) (width 0.05))
    (fp_line (start -1.65 0.73) (end -1.65 -0.73) (layer F.CrtYd) (width 0.05))
    (fp_line (start -0.171267 0.51) (end 0.171267 0.51) (layer F.SilkS) (width 0.12))
    (fp_line (start -0.171267 -0.51) (end 0.171267 -0.51) (layer F.SilkS) (width 0.12))
    (fp_line (start 0.8 0.4) (end -0.8 0.4) (layer F.Fab) (width 0.1))
    (fp_line (start 0.8 -0.4) (end 0.8 0.4) (layer F.Fab) (width 0.1))
    (fp_line (start -0.8 -0.4) (end 0.8 -0.4) (layer F.Fab) (width 0.1))
    (fp_line (start -0.8 0.4) (end -0.8 -0.4) (layer F.Fab) (width 0.1))
    (pad 2 smd roundrect (at 0.875 0) (size 1.05 0.95) (layers F.Cu F.Paste F.Mask) (roundrect_rratio 0.25)
      (net 16 GND))
    (pad 1 smd roundrect (at -0.875 0) (size 1.05 0.95) (layers F.Cu F.Paste F.Mask) (roundrect_rratio 0.25)
      (net 21 +3V3))
    (model ${KISYS3DMOD}/Capacitor_SMD.3dshapes/C_0603_1608Metric.wrl
      (at (xyz 0 0 0))
      (scale (xyz 1 1 1))
      (rotate (xyz 0 0 0))
    )
  )

  (module Capacitor_SMD:C_0603_1608Metric_Pad1.05x0.95mm_HandSolder (layer F.Cu) (tedit 5B301BBE) (tstamp 607A3AF4)
    (at 76.915001 33.775001)
    (descr "Capacitor SMD 0603 (1608 Metric), square (rectangular) end terminal, IPC_7351 nominal with elongated pad for handsoldering. (Body size source: http://www.tortai-tech.com/upload/download/2011102023233369053.pdf), generated with kicad-footprint-generator")
    (tags "capacitor handsolder")
    (path /604EA7B5)
    (attr smd)
    (fp_text reference C4 (at 0 -1.43) (layer F.SilkS)
      (effects (font (size 1 1) (thickness 0.15)))
    )
    (fp_text value GRM033R61A104ME15D (at 0 1.43) (layer F.Fab)
      (effects (font (size 1 1) (thickness 0.15)))
    )
    (fp_line (start -0.8 0.4) (end -0.8 -0.4) (layer F.Fab) (width 0.1))
    (fp_line (start -0.8 -0.4) (end 0.8 -0.4) (layer F.Fab) (width 0.1))
    (fp_line (start 0.8 -0.4) (end 0.8 0.4) (layer F.Fab) (width 0.1))
    (fp_line (start 0.8 0.4) (end -0.8 0.4) (layer F.Fab) (width 0.1))
    (fp_line (start -0.171267 -0.51) (end 0.171267 -0.51) (layer F.SilkS) (width 0.12))
    (fp_line (start -0.171267 0.51) (end 0.171267 0.51) (layer F.SilkS) (width 0.12))
    (fp_line (start -1.65 0.73) (end -1.65 -0.73) (layer F.CrtYd) (width 0.05))
    (fp_line (start -1.65 -0.73) (end 1.65 -0.73) (layer F.CrtYd) (width 0.05))
    (fp_line (start 1.65 -0.73) (end 1.65 0.73) (layer F.CrtYd) (width 0.05))
    (fp_line (start 1.65 0.73) (end -1.65 0.73) (layer F.CrtYd) (width 0.05))
    (fp_text user %R (at 0 0) (layer F.Fab)
      (effects (font (size 0.4 0.4) (thickness 0.06)))
    )
    (pad 1 smd roundrect (at -0.875 0) (size 1.05 0.95) (layers F.Cu F.Paste F.Mask) (roundrect_rratio 0.25)
      (net 22 /VDD_PIX))
    (pad 2 smd roundrect (at 0.875 0) (size 1.05 0.95) (layers F.Cu F.Paste F.Mask) (roundrect_rratio 0.25)
      (net 16 GND))
    (model ${KISYS3DMOD}/Capacitor_SMD.3dshapes/C_0603_1608Metric.wrl
      (at (xyz 0 0 0))
      (scale (xyz 1 1 1))
      (rotate (xyz 0 0 0))
    )
  )

  (module Capacitor_SMD:C_0603_1608Metric_Pad1.05x0.95mm_HandSolder (layer F.Cu) (tedit 5B301BBE) (tstamp 607A3B05)
    (at 39.775001 57.485001)
    (descr "Capacitor SMD 0603 (1608 Metric), square (rectangular) end terminal, IPC_7351 nominal with elongated pad for handsoldering. (Body size source: http://www.tortai-tech.com/upload/download/2011102023233369053.pdf), generated with kicad-footprint-generator")
    (tags "capacitor handsolder")
    (path /60503B0B)
    (attr smd)
    (fp_text reference C5 (at 0 -1.43) (layer F.SilkS)
      (effects (font (size 1 1) (thickness 0.15)))
    )
    (fp_text value GRM033R61A104ME15D (at 0 1.43) (layer F.Fab)
      (effects (font (size 1 1) (thickness 0.15)))
    )
    (fp_line (start -0.8 0.4) (end -0.8 -0.4) (layer F.Fab) (width 0.1))
    (fp_line (start -0.8 -0.4) (end 0.8 -0.4) (layer F.Fab) (width 0.1))
    (fp_line (start 0.8 -0.4) (end 0.8 0.4) (layer F.Fab) (width 0.1))
    (fp_line (start 0.8 0.4) (end -0.8 0.4) (layer F.Fab) (width 0.1))
    (fp_line (start -0.171267 -0.51) (end 0.171267 -0.51) (layer F.SilkS) (width 0.12))
    (fp_line (start -0.171267 0.51) (end 0.171267 0.51) (layer F.SilkS) (width 0.12))
    (fp_line (start -1.65 0.73) (end -1.65 -0.73) (layer F.CrtYd) (width 0.05))
    (fp_line (start -1.65 -0.73) (end 1.65 -0.73) (layer F.CrtYd) (width 0.05))
    (fp_line (start 1.65 -0.73) (end 1.65 0.73) (layer F.CrtYd) (width 0.05))
    (fp_line (start 1.65 0.73) (end -1.65 0.73) (layer F.CrtYd) (width 0.05))
    (fp_text user %R (at 0 0) (layer F.Fab)
      (effects (font (size 0.4 0.4) (thickness 0.06)))
    )
    (pad 1 smd roundrect (at -0.875 0) (size 1.05 0.95) (layers F.Cu F.Paste F.Mask) (roundrect_rratio 0.25)
      (net 15 +1V8))
    (pad 2 smd roundrect (at 0.875 0) (size 1.05 0.95) (layers F.Cu F.Paste F.Mask) (roundrect_rratio 0.25)
      (net 16 GND))
    (model ${KISYS3DMOD}/Capacitor_SMD.3dshapes/C_0603_1608Metric.wrl
      (at (xyz 0 0 0))
      (scale (xyz 1 1 1))
      (rotate (xyz 0 0 0))
    )
  )

  (module Capacitor_SMD:C_0603_1608Metric_Pad1.05x0.95mm_HandSolder (layer F.Cu) (tedit 5B301BBE) (tstamp 607A3B16)
    (at 64.545001 47.685001)
    (descr "Capacitor SMD 0603 (1608 Metric), square (rectangular) end terminal, IPC_7351 nominal with elongated pad for handsoldering. (Body size source: http://www.tortai-tech.com/upload/download/2011102023233369053.pdf), generated with kicad-footprint-generator")
    (tags "capacitor handsolder")
    (path /604EC74B)
    (attr smd)
    (fp_text reference C6 (at 0 -1.43) (layer F.SilkS)
      (effects (font (size 1 1) (thickness 0.15)))
    )
    (fp_text value GRM033R61A104ME15D (at 0 1.43) (layer F.Fab)
      (effects (font (size 1 1) (thickness 0.15)))
    )
    (fp_line (start -0.8 0.4) (end -0.8 -0.4) (layer F.Fab) (width 0.1))
    (fp_line (start -0.8 -0.4) (end 0.8 -0.4) (layer F.Fab) (width 0.1))
    (fp_line (start 0.8 -0.4) (end 0.8 0.4) (layer F.Fab) (width 0.1))
    (fp_line (start 0.8 0.4) (end -0.8 0.4) (layer F.Fab) (width 0.1))
    (fp_line (start -0.171267 -0.51) (end 0.171267 -0.51) (layer F.SilkS) (width 0.12))
    (fp_line (start -0.171267 0.51) (end 0.171267 0.51) (layer F.SilkS) (width 0.12))
    (fp_line (start -1.65 0.73) (end -1.65 -0.73) (layer F.CrtYd) (width 0.05))
    (fp_line (start -1.65 -0.73) (end 1.65 -0.73) (layer F.CrtYd) (width 0.05))
    (fp_line (start 1.65 -0.73) (end 1.65 0.73) (layer F.CrtYd) (width 0.05))
    (fp_line (start 1.65 0.73) (end -1.65 0.73) (layer F.CrtYd) (width 0.05))
    (fp_text user %R (at 0 0) (layer F.Fab)
      (effects (font (size 0.4 0.4) (thickness 0.06)))
    )
    (pad 1 smd roundrect (at -0.875 0) (size 1.05 0.95) (layers F.Cu F.Paste F.Mask) (roundrect_rratio 0.25)
      (net 21 +3V3))
    (pad 2 smd roundrect (at 0.875 0) (size 1.05 0.95) (layers F.Cu F.Paste F.Mask) (roundrect_rratio 0.25)
      (net 16 GND))
    (model ${KISYS3DMOD}/Capacitor_SMD.3dshapes/C_0603_1608Metric.wrl
      (at (xyz 0 0 0))
      (scale (xyz 1 1 1))
      (rotate (xyz 0 0 0))
    )
  )

  (module Capacitor_SMD:C_0603_1608Metric_Pad1.05x0.95mm_HandSolder (layer F.Cu) (tedit 5B301BBE) (tstamp 607A3B27)
    (at 37.775001 44.815001)
    (descr "Capacitor SMD 0603 (1608 Metric), square (rectangular) end terminal, IPC_7351 nominal with elongated pad for handsoldering. (Body size source: http://www.tortai-tech.com/upload/download/2011102023233369053.pdf), generated with kicad-footprint-generator")
    (tags "capacitor handsolder")
    (path /604F44F5)
    (attr smd)
    (fp_text reference C7 (at 0 -1.43) (layer F.SilkS)
      (effects (font (size 1 1) (thickness 0.15)))
    )
    (fp_text value GRM033R61A104ME15D (at 0 1.43) (layer F.Fab)
      (effects (font (size 1 1) (thickness 0.15)))
    )
    (fp_text user %R (at 0 0) (layer F.Fab)
      (effects (font (size 0.4 0.4) (thickness 0.06)))
    )
    (fp_line (start 1.65 0.73) (end -1.65 0.73) (layer F.CrtYd) (width 0.05))
    (fp_line (start 1.65 -0.73) (end 1.65 0.73) (layer F.CrtYd) (width 0.05))
    (fp_line (start -1.65 -0.73) (end 1.65 -0.73) (layer F.CrtYd) (width 0.05))
    (fp_line (start -1.65 0.73) (end -1.65 -0.73) (layer F.CrtYd) (width 0.05))
    (fp_line (start -0.171267 0.51) (end 0.171267 0.51) (layer F.SilkS) (width 0.12))
    (fp_line (start -0.171267 -0.51) (end 0.171267 -0.51) (layer F.SilkS) (width 0.12))
    (fp_line (start 0.8 0.4) (end -0.8 0.4) (layer F.Fab) (width 0.1))
    (fp_line (start 0.8 -0.4) (end 0.8 0.4) (layer F.Fab) (width 0.1))
    (fp_line (start -0.8 -0.4) (end 0.8 -0.4) (layer F.Fab) (width 0.1))
    (fp_line (start -0.8 0.4) (end -0.8 -0.4) (layer F.Fab) (width 0.1))
    (pad 2 smd roundrect (at 0.875 0) (size 1.05 0.95) (layers F.Cu F.Paste F.Mask) (roundrect_rratio 0.25)
      (net 16 GND))
    (pad 1 smd roundrect (at -0.875 0) (size 1.05 0.95) (layers F.Cu F.Paste F.Mask) (roundrect_rratio 0.25)
      (net 22 /VDD_PIX))
    (model ${KISYS3DMOD}/Capacitor_SMD.3dshapes/C_0603_1608Metric.wrl
      (at (xyz 0 0 0))
      (scale (xyz 1 1 1))
      (rotate (xyz 0 0 0))
    )
  )

  (module Capacitor_SMD:C_0603_1608Metric_Pad1.05x0.95mm_HandSolder (layer F.Cu) (tedit 5B301BBE) (tstamp 607A3B38)
    (at 70.565001 40.095001)
    (descr "Capacitor SMD 0603 (1608 Metric), square (rectangular) end terminal, IPC_7351 nominal with elongated pad for handsoldering. (Body size source: http://www.tortai-tech.com/upload/download/2011102023233369053.pdf), generated with kicad-footprint-generator")
    (tags "capacitor handsolder")
    (path /60503308)
    (attr smd)
    (fp_text reference C8 (at 0 -1.43) (layer F.SilkS)
      (effects (font (size 1 1) (thickness 0.15)))
    )
    (fp_text value GRM033R61A104ME15D (at 0 1.43) (layer F.Fab)
      (effects (font (size 1 1) (thickness 0.15)))
    )
    (fp_text user %R (at 0 0) (layer F.Fab)
      (effects (font (size 0.4 0.4) (thickness 0.06)))
    )
    (fp_line (start 1.65 0.73) (end -1.65 0.73) (layer F.CrtYd) (width 0.05))
    (fp_line (start 1.65 -0.73) (end 1.65 0.73) (layer F.CrtYd) (width 0.05))
    (fp_line (start -1.65 -0.73) (end 1.65 -0.73) (layer F.CrtYd) (width 0.05))
    (fp_line (start -1.65 0.73) (end -1.65 -0.73) (layer F.CrtYd) (width 0.05))
    (fp_line (start -0.171267 0.51) (end 0.171267 0.51) (layer F.SilkS) (width 0.12))
    (fp_line (start -0.171267 -0.51) (end 0.171267 -0.51) (layer F.SilkS) (width 0.12))
    (fp_line (start 0.8 0.4) (end -0.8 0.4) (layer F.Fab) (width 0.1))
    (fp_line (start 0.8 -0.4) (end 0.8 0.4) (layer F.Fab) (width 0.1))
    (fp_line (start -0.8 -0.4) (end 0.8 -0.4) (layer F.Fab) (width 0.1))
    (fp_line (start -0.8 0.4) (end -0.8 -0.4) (layer F.Fab) (width 0.1))
    (pad 2 smd roundrect (at 0.875 0) (size 1.05 0.95) (layers F.Cu F.Paste F.Mask) (roundrect_rratio 0.25)
      (net 16 GND))
    (pad 1 smd roundrect (at -0.875 0) (size 1.05 0.95) (layers F.Cu F.Paste F.Mask) (roundrect_rratio 0.25)
      (net 15 +1V8))
    (model ${KISYS3DMOD}/Capacitor_SMD.3dshapes/C_0603_1608Metric.wrl
      (at (xyz 0 0 0))
      (scale (xyz 1 1 1))
      (rotate (xyz 0 0 0))
    )
  )

  (module Capacitor_SMD:C_0603_1608Metric_Pad1.05x0.95mm_HandSolder (layer F.Cu) (tedit 5B301BBE) (tstamp 607A3B49)
    (at 81.265001 33.775001)
    (descr "Capacitor SMD 0603 (1608 Metric), square (rectangular) end terminal, IPC_7351 nominal with elongated pad for handsoldering. (Body size source: http://www.tortai-tech.com/upload/download/2011102023233369053.pdf), generated with kicad-footprint-generator")
    (tags "capacitor handsolder")
    (path /604ECC60)
    (attr smd)
    (fp_text reference C9 (at 0 -1.43) (layer F.SilkS)
      (effects (font (size 1 1) (thickness 0.15)))
    )
    (fp_text value GRM033R61A104ME15D (at 0 1.43) (layer F.Fab)
      (effects (font (size 1 1) (thickness 0.15)))
    )
    (fp_text user %R (at 0 0) (layer F.Fab)
      (effects (font (size 0.4 0.4) (thickness 0.06)))
    )
    (fp_line (start 1.65 0.73) (end -1.65 0.73) (layer F.CrtYd) (width 0.05))
    (fp_line (start 1.65 -0.73) (end 1.65 0.73) (layer F.CrtYd) (width 0.05))
    (fp_line (start -1.65 -0.73) (end 1.65 -0.73) (layer F.CrtYd) (width 0.05))
    (fp_line (start -1.65 0.73) (end -1.65 -0.73) (layer F.CrtYd) (width 0.05))
    (fp_line (start -0.171267 0.51) (end 0.171267 0.51) (layer F.SilkS) (width 0.12))
    (fp_line (start -0.171267 -0.51) (end 0.171267 -0.51) (layer F.SilkS) (width 0.12))
    (fp_line (start 0.8 0.4) (end -0.8 0.4) (layer F.Fab) (width 0.1))
    (fp_line (start 0.8 -0.4) (end 0.8 0.4) (layer F.Fab) (width 0.1))
    (fp_line (start -0.8 -0.4) (end 0.8 -0.4) (layer F.Fab) (width 0.1))
    (fp_line (start -0.8 0.4) (end -0.8 -0.4) (layer F.Fab) (width 0.1))
    (pad 2 smd roundrect (at 0.875 0) (size 1.05 0.95) (layers F.Cu F.Paste F.Mask) (roundrect_rratio 0.25)
      (net 16 GND))
    (pad 1 smd roundrect (at -0.875 0) (size 1.05 0.95) (layers F.Cu F.Paste F.Mask) (roundrect_rratio 0.25)
      (net 21 +3V3))
    (model ${KISYS3DMOD}/Capacitor_SMD.3dshapes/C_0603_1608Metric.wrl
      (at (xyz 0 0 0))
      (scale (xyz 1 1 1))
      (rotate (xyz 0 0 0))
    )
  )

  (module Capacitor_SMD:C_0603_1608Metric_Pad1.05x0.95mm_HandSolder (layer F.Cu) (tedit 5B301BBE) (tstamp 607A3B5A)
    (at 44.125001 57.485001)
    (descr "Capacitor SMD 0603 (1608 Metric), square (rectangular) end terminal, IPC_7351 nominal with elongated pad for handsoldering. (Body size source: http://www.tortai-tech.com/upload/download/2011102023233369053.pdf), generated with kicad-footprint-generator")
    (tags "capacitor handsolder")
    (path /604F4CAD)
    (attr smd)
    (fp_text reference C10 (at 0 -1.43) (layer F.SilkS)
      (effects (font (size 1 1) (thickness 0.15)))
    )
    (fp_text value GRM033R61A104ME15D (at 0 1.43) (layer F.Fab)
      (effects (font (size 1 1) (thickness 0.15)))
    )
    (fp_line (start -0.8 0.4) (end -0.8 -0.4) (layer F.Fab) (width 0.1))
    (fp_line (start -0.8 -0.4) (end 0.8 -0.4) (layer F.Fab) (width 0.1))
    (fp_line (start 0.8 -0.4) (end 0.8 0.4) (layer F.Fab) (width 0.1))
    (fp_line (start 0.8 0.4) (end -0.8 0.4) (layer F.Fab) (width 0.1))
    (fp_line (start -0.171267 -0.51) (end 0.171267 -0.51) (layer F.SilkS) (width 0.12))
    (fp_line (start -0.171267 0.51) (end 0.171267 0.51) (layer F.SilkS) (width 0.12))
    (fp_line (start -1.65 0.73) (end -1.65 -0.73) (layer F.CrtYd) (width 0.05))
    (fp_line (start -1.65 -0.73) (end 1.65 -0.73) (layer F.CrtYd) (width 0.05))
    (fp_line (start 1.65 -0.73) (end 1.65 0.73) (layer F.CrtYd) (width 0.05))
    (fp_line (start 1.65 0.73) (end -1.65 0.73) (layer F.CrtYd) (width 0.05))
    (fp_text user %R (at 0 0) (layer F.Fab)
      (effects (font (size 0.4 0.4) (thickness 0.06)))
    )
    (pad 1 smd roundrect (at -0.875 0) (size 1.05 0.95) (layers F.Cu F.Paste F.Mask) (roundrect_rratio 0.25)
      (net 22 /VDD_PIX))
    (pad 2 smd roundrect (at 0.875 0) (size 1.05 0.95) (layers F.Cu F.Paste F.Mask) (roundrect_rratio 0.25)
      (net 16 GND))
    (model ${KISYS3DMOD}/Capacitor_SMD.3dshapes/C_0603_1608Metric.wrl
      (at (xyz 0 0 0))
      (scale (xyz 1 1 1))
      (rotate (xyz 0 0 0))
    )
  )

  (module Capacitor_SMD:C_0603_1608Metric_Pad1.05x0.95mm_HandSolder (layer F.Cu) (tedit 5B301BBE) (tstamp 607A3B6B)
    (at 68.895001 47.685001)
    (descr "Capacitor SMD 0603 (1608 Metric), square (rectangular) end terminal, IPC_7351 nominal with elongated pad for handsoldering. (Body size source: http://www.tortai-tech.com/upload/download/2011102023233369053.pdf), generated with kicad-footprint-generator")
    (tags "capacitor handsolder")
    (path /60502D44)
    (attr smd)
    (fp_text reference C11 (at 0 -1.43) (layer F.SilkS)
      (effects (font (size 1 1) (thickness 0.15)))
    )
    (fp_text value GRM033R61A104ME15D (at 0 1.43) (layer F.Fab)
      (effects (font (size 1 1) (thickness 0.15)))
    )
    (fp_line (start -0.8 0.4) (end -0.8 -0.4) (layer F.Fab) (width 0.1))
    (fp_line (start -0.8 -0.4) (end 0.8 -0.4) (layer F.Fab) (width 0.1))
    (fp_line (start 0.8 -0.4) (end 0.8 0.4) (layer F.Fab) (width 0.1))
    (fp_line (start 0.8 0.4) (end -0.8 0.4) (layer F.Fab) (width 0.1))
    (fp_line (start -0.171267 -0.51) (end 0.171267 -0.51) (layer F.SilkS) (width 0.12))
    (fp_line (start -0.171267 0.51) (end 0.171267 0.51) (layer F.SilkS) (width 0.12))
    (fp_line (start -1.65 0.73) (end -1.65 -0.73) (layer F.CrtYd) (width 0.05))
    (fp_line (start -1.65 -0.73) (end 1.65 -0.73) (layer F.CrtYd) (width 0.05))
    (fp_line (start 1.65 -0.73) (end 1.65 0.73) (layer F.CrtYd) (width 0.05))
    (fp_line (start 1.65 0.73) (end -1.65 0.73) (layer F.CrtYd) (width 0.05))
